31
133 -6 280 85
125 12 413 79
125 14 538 91
102 22 663 105
58 58 765 127
41 56 823 185
17 102 864 241
4 102 881 343
-6 104 885 445
-53 86 879 549
-120 21 826 635
-75 -38 706 656
-31 -108 631 618
-23 -97 600 510
21 -87 577 413
-27 -82 598 326
-57 -34 571 244
-73 3 514 210
-59 31 441 213
-24 105 382 244
3 97 358 349
26 93 361 446
-6 75 387 539
-71 45 381 614
-85 -15 310 659
-68 -65 225 644
-52 -129 157 579
-1 -128 105 450
36 -132 104 322
50 -63 140 190
90 -42 190 127
122.25798512243551 -5.51539782507227 289.7271195795329 124.60186514887624
143.74201487756432 -6.4846021749277085 270.2728804204671 45.39813485112374
121.87734129107201 11.700224763942899 411.9851047019684 119.08646732380397
128.1226587089276 12.299775236057059 414.01489529803143 38.913532676196034
122.67828986996051 13.739968465435567 533.8624459930404 130.78669208774687
127.32171013003995 14.260031534564469 542.137554006959 51.21330791225309
88.50716229895352 19.08978010369586 656.5407358630009 144.52666055318244
115.4928377010466 24.910219896304156 669.459264136999 65.47333944681756
47.493822529923705 47.49382252992362 745.0478981619544 163.6164406568783
68.5061774700763 68.50617747007637 784.9521018380456 90.38355934312172
33.565931319830156 45.84615009537774 792.5417206918781 211.11026318680192
48.434068680169844 66.15384990462223 853.4582793081219 158.88973681319808
15.021911516391356 90.13146909834762 826.1076520117083 256.95641328217965
18.978088483608644 113.8685309016524 901.8923479882917 225.04358671782032
3.825217015567091 97.54303389695974 841.1295635280997 347.0878823805273
4.174782984432909 106.45696610304026 920.8704364719003 338.9121176194727
-5.306635278977524 91.98167816894318 844.9547805436667 444.630916277487
-6.693364721022476 116.01832183105682 925.0452194563333 445.369083722513
-38.26299450712327 62.087123162501825 839.6481452646892 536.6125944464302
-67.73700549287673 109.91287683749817 918.3518547353108 561.3874055535698
-89.17482825193179 15.605594944088125 801.385150757566 598.699717608932
-150.82517174806821 26.394405055911875 850.614849242434 671.300282391068
-47.574499392690086 -24.104413025629583 712.2103225056342 614.3053125530201
-102.42550060730991 -51.89558697437042 699.7896774943658 697.6946874469799
-25.93054763255043 -90.33868207469186 664.6358231129441 590.2008995273906
-36.06945236744957 -125.66131792530814 597.3641768870559 645.7991004726094
-20.576521097609657 -86.77924115078883 638.7052754803937 499.8622174526987
-25.423478902390343 -107.22075884921117 561.2947245196063 520.1377825473013
21.427700889617654 -88.77190368555932 618.128754382784 413.08297630190987
20.572299110382346 -85.22809631444073 535.871245617216 412.91702369809013
-35.235277625828985 -107.01084315992509 639.5564552724016 324.31107261635054
-18.764722374171015 -56.989156840074884 556.4435447275984 327.6889273836494
-80.06093659974886 -47.75564639283263 604.3211776465727 217.30022945642546
-33.9390634002512 -20.24435360716737 537.6788223534273 270.6997705435745
-93.8967261334285 3.858769567127183 524.2602410468238 169.54458306359282
-52.10327386657144 2.1412304328728453 503.73975895317614 250.45541693640715
-83.25772461918427 43.74558412194432 430.3635149133953 173.40335263072
-34.74227538081573 18.25441587805568 451.6364850866047 252.59664736928
-29.24558524262602 127.94943543648873 347.10579029421103 217.14893675266433
-18.75441475737398 82.05056456351127 416.89420970578897 270.8510632473357
3.309072192659471 106.99333422932108 317.860205051585 345.09837218915305
2.690927807340529 87.00666577067875 398.139794948415 352.90162781084695
25.390112144967475 90.81847805699908 321.1692772442445 452.09170641847413
26.609887855032525 95.18152194300109 400.8307227557555 439.9082935815257
-3.839554030077238 47.99442537596542 346.55938938921196 542.9101844754732
-8.160445969922762 102.00557462403458 427.44061061078804 535.0898155245268
-41.03727973023945 26.009543490996748 342.7198353591347 590.9046098514386
-100.96272026976055 63.99045650900325 419.2801646408653 637.0953901485614
-57.80073108970811 -10.20012901583084 301.6825556288953 616.9141533424354
-112.19926891029189 -19.79987098416916 318.3174443711047 701.0858466575646
-53.00738641904144 -50.66882525349547 243.88182453918716 606.7140243266045
-82.99261358095855 -79.33117474650453 206.11817546081284 681.2859756733955
-45.93500611304768 -113.9541497804451 190.87443812014573 556.0451990731091
-58.06499388695234 -144.04585021955484 123.12556187985429 601.9548009268909
-0.8975613415605324 -114.88785171974973 144.93943200709805 442.09104929266397
-1.1024386584394605 -141.1121482802502 65.06056799290195 457.9089507073361
32.389977637885664 -118.76325133891419 144.04187066553752 327.20319757291423
39.61002236211433 -145.23674866108593 63.95812933446249 316.7968024270859
39.03397624740242 -49.18281007172703 176.43184830342318 208.43994623400005
60.96602375259761 -76.81718992827297 103.56815169657682 171.56005376599995
74.26129502870728 -34.65527101339677 215.4658245508256 159.257136162273
105.73870497129269 -49.34472898660324 164.53417544917443 94.74286383772699
